
#define w 255
	GLubyte ftData[] =
	{
		//32
		0,0,0,0,0, 0,0,w,0,0, 0,w,0,w,0, 0,w,0,w,0, 0,0,0,0,0, 0,0,0,0,0, 0,0,0,0,0, 0,0,w,0,0,
		0,0,0,0,0, 0,0,w,0,0, 0,w,0,w,0, w,w,w,w,w, 0,0,0,0,0, 0,0,0,0,0, 0,0,0,0,0, 0,0,w,0,0,
		0,0,0,0,0, 0,0,w,0,0, 0,0,0,0,0, 0,w,0,w,0, 0,0,w,0,0, 0,0,w,0,0, 0,0,w,0,0, 0,0,0,0,0,
		0,0,0,0,0, 0,0,0,0,0, 0,0,0,0,0, w,w,w,w,w, 0,0,0,0,0, 0,0,0,0,0, 0,0,0,0,0, 0,0,0,0,0,
		0,0,0,0,0, 0,0,w,0,0, 0,0,0,0,0, 0,w,0,w,0, 0,0,0,0,0, 0,0,0,0,0, 0,0,0,0,0, 0,0,0,0,0,
		//40
		0,0,0,w,0, 0,w,0,0,0, 0,0,w,0,0, 0,0,0,0,0, 0,0,0,0,0, 0,0,0,0,0, 0,0,0,0,0, 0,0,0,w,0,
		0,0,w,0,0, 0,0,w,0,0, 0,w,w,w,0, 0,0,w,0,0, 0,0,0,0,0, 0,0,0,0,0, 0,0,0,0,0, 0,0,0,w,0,
		0,0,w,0,0, 0,0,w,0,0, 0,w,w,0,0, 0,w,w,w,0, 0,0,0,0,0, 0,w,w,w,0, 0,0,0,0,0, 0,0,w,0,0,
		0,0,w,0,0, 0,0,w,0,0, 0,0,0,0,0, 0,0,w,0,0, 0,0,w,0,0, 0,0,0,0,0, 0,0,0,0,0, 0,w,0,0,0,
		0,0,0,w,0, 0,w,0,0,0, 0,0,0,0,0, 0,0,0,0,0, 0,0,w,0,0, 0,0,0,0,0, 0,0,w,0,0, 0,w,0,0,0,
		//48
		0,w,w,0,0, 0,0,w,0,0, 0,w,w,0,0, 0,w,w,0,0, w,0,0,w,0, w,w,w,w,0, 0,w,w,0,0, w,w,w,w,0,
		w,0,0,w,0, 0,w,w,0,0, w,0,0,w,0, w,0,0,w,0, w,0,0,w,0, w,0,0,0,0, w,0,0,0,0, 0,0,0,w,0,
		w,0,0,w,0, 0,0,w,0,0, 0,0,w,0,0, 0,0,w,0,0, w,w,w,w,0, w,w,w,0,0, w,w,w,0,0, 0,0,w,0,0,
		w,0,0,w,0, 0,0,w,0,0, 0,w,0,0,0, w,0,0,w,0, 0,0,0,w,0, 0,0,0,w,0, w,0,0,w,0, 0,w,0,0,0,
		0,w,w,0,0, 0,w,w,w,0, w,w,w,w,0, 0,w,w,0,0, 0,0,0,w,0, w,w,w,0,0, 0,w,w,0,0, 0,w,0,0,0,
		//56
		0,w,w,0,0, 0,w,w,0,0, 0,0,0,0,0, 0,0,0,0,0, 0,0,0,w,0, 0,0,0,0,0, 0,w,0,0,0, 0,w,w,0,0,
		w,0,0,w,0, w,0,0,w,0, 0,0,w,0,0, 0,0,w,0,0, 0,0,w,0,0, 0,w,w,w,0, 0,0,w,0,0, w,0,0,w,0,
		0,w,w,0,0, 0,w,w,w,0, 0,0,0,0,0, 0,0,0,0,0, 0,w,0,0,0, 0,0,0,0,0, 0,0,0,w,0, 0,0,w,0,0,
		w,0,0,w,0, 0,0,0,w,0, 0,0,w,0,0, 0,0,w,0,0, 0,0,w,0,0, 0,w,w,w,0, 0,0,w,0,0, 0,0,0,0,0,
		0,w,w,0,0, 0,w,w,0,0, 0,0,0,0,0, 0,0,w,0,0, 0,0,0,w,0, 0,0,0,0,0, 0,w,0,0,0, 0,0,w,0,0,
		//97
		0,0,0,0,0, w,0,0,0,0, 0,0,0,0,0, 0,0,0,w,0, 0,w,w,0,0, 0,w,w,0,0, 0,w,w,0,0, w,0,0,0,0,
		0,w,w,w,0, w,w,w,0,0, 0,w,w,0,0, 0,w,w,w,0, w,0,0,w,0, 0,w,0,0,0, w,0,0,0,0, w,w,w,0,0,
		w,0,0,w,0, w,0,0,w,0, w,0,0,0,0, w,0,0,w,0, w,w,w,w,0, 0,w,w,0,0, w,0,w,w,0, w,0,0,w,0,
		w,0,0,w,0, w,0,0,w,0, w,0,0,0,0, w,0,0,w,0, w,0,0,0,0, 0,w,0,0,0, w,0,0,w,0, w,0,0,w,0,
		0,w,w,w,0, w,w,w,0,0, 0,w,w,0,0, 0,w,w,w,0, 0,w,w,0,0, 0,w,0,0,0, 0,w,w,0,0, w,0,0,w,0,
		
		0,0,w,0,0, 0,0,w,0,0, 0,w,0,0,0, 0,0,w,0,0, 0,0,0,0,0, 0,0,0,0,0, 0,0,0,0,0, 0,0,0,0,0,
		0,0,0,0,0, 0,0,0,0,0, 0,w,0,w,0, 0,0,w,0,0, w,w,0,w,0, w,w,w,0,0, 0,w,w,0,0, w,w,w,0,0,
		0,0,w,0,0, 0,0,w,0,0, 0,w,w,0,0, 0,0,w,0,0, w,0,w,0,w, w,0,0,w,0, w,0,0,w,0, w,0,0,w,0,
		0,0,w,0,0, 0,0,w,0,0, 0,w,0,w,0, 0,0,w,0,0, w,0,w,0,w, w,0,0,w,0, w,0,0,w,0, w,w,w,0,0,
		0,0,w,0,0, 0,w,0,0,0, 0,w,0,w,0, 0,0,w,0,0, w,0,w,0,w, w,0,0,w,0, 0,w,w,0,0, w,0,0,0,0,
		
		0,0,0,0,0, 0,0,0,0,0, 0,w,w,0,0, 0,0,w,0,0, 0,0,0,0,0, 0,0,0,0,0, 0,0,0,0,0, 0,0,0,0,0,
		0,w,w,w,0, w,0,w,w,0, w,0,0,0,0, 0,w,w,w,0, w,0,0,w,0, w,0,0,0,w, w,0,w,0,w, w,0,0,w,0,
		w,0,0,w,0, w,w,0,0,0, 0,w,w,0,0, 0,0,w,0,0, w,0,0,w,0, 0,w,0,w,0, w,0,w,0,w, 0,w,w,0,0,
		0,w,w,w,0, w,0,0,0,0, 0,0,0,w,0, 0,0,w,0,0, w,0,0,w,0, 0,w,0,w,0, w,0,w,0,w, w,0,0,w,0,
		0,0,0,w,0, w,0,0,0,0, 0,w,w,0,0, 0,0,0,w,0, 0,w,w,w,0, 0,0,w,0,0, 0,w,0,w,0, w,0,0,w,0
	};
#undef w
	Texture *ft = new Texture();
	ft->Create(40,35);
	ft->Upload(0,GL_LUMINANCE,ftData);
	testFont = Font(ft);
	
